4294967279,51
4294967279,50
4294967279,49
4294967279,47
4294967279,45
4294967279,43
4294967279,42
4294967279,39
4294967279,37
4294967279,36
4294967279,35
4294967279,34
4294967279,32
4294967279,31
4294967279,29
4294967279,28
4294967279,27
4294967279,25
4294967279,24
4294967279,21
4294967279,18
4294967279,17
4294967279,15
4294967279,14
4294967279,12
4294967279,11
4294967279,10
4294967279,8
4294967278,365
4294967294,436
4294967294,43
4294967294,416
4294967294,52
4294967294,12
4294967294,470
4294967294,201
4294967294,82
4294967294,83
4294967294,11
4294967294,68
4294967278,132
4294967278,131
4294967278,130
4294967278,129
4294967278,126
4294967278,125
4294967278,124
4294967278,123
4294967278,122
4294967278,121
4294967278,120
4294967278,119
4294967278,118
4294967278,117
4294967278,116
4294967278,115
4294967278,114
4294967278,113
4294967278,112
4294967278,111
4294967278,110
4294967278,108
4294967278,107
4294967278,106
4294967278,105
4294967278,104
4294967278,103
4294967278,102
4294967278,101
4294967278,100
4294967278,99
4294967278,98
4294967278,97
4294967278,96
4294967278,95
4294967278,94
4294967278,93
4294967278,92
4294967278,91
4294967278,90
4294967278,89
4294967278,85
4294967278,83
4294967278,82
4294967278,81
4294967278,80
4294967278,79
4294967278,78
4294967278,77
4294967278,76
4294967278,74
4294967278,71
4294967278,69
4294967278,68
4294967278,67
4294967278,66
4294967278,65
4294967278,64
4294967278,63
4294967278,0
4294967278,346
4294967279,83
4294967279,82
4294967279,80
4294967279,78
4294967279,75
4294967279,69
4294967279,538
4294967279,64
4294967279,59
4294967279,58
4294967279,53
4294967279,52
4294967279,48
4294967279,357
4294967279,41
4294967279,40
4294967279,38
4294967279,30
4294967279,26
4294967279,22
4294967279,20
4294967279,19
4294967279,266
4294967279,346
4294967279,16
4294967279,296
4294967279,339
4294967279,13
4294967279,294
4294967279,273
4294967279,9
4294967279,7
4294967279,6
4294967279,5
4294967279,4
4294967278,128
4294967278,389
4294967278,127
4294967278,397
4294967294,5
4294967278,338
4294967278,364
4294967278,254
4294967278,337
4294967278,253
4294967278,250
4294967278,248
4294967278,246
4294967278,244
4294967278,242
4294967278,240
4294967278,238
4294967278,237
4294967278,236
4294967278,234
4294967278,232
4294967278,230
4294967278,109
4294967278,229
4294967278,226
4294967278,224
4294967278,222
4294967278,220
4294967278,218
4294967278,216
4294967278,214
4294967278,213
4294967278,212
4294967278,211
4294967278,210
4294967278,209
4294967278,208
4294967278,207
4294967278,206
4294967278,205
4294967278,204
4294967278,203
4294967279,202
4294967294,1419
4294967278,87
4294967278,271
4294967279,322
4294967278,86
4294967278,199
4294967278,321
4294967279,315
4294967278,198
4294967278,84
4294967278,197
4294967278,381
4294967279,84
4294967278,196
4294967278,194
302,5
4294967278,193
302,4
302,3
302,2
302,1
4294967279,298
4294967278,192
4294967278,75
4294967279,191
4294967278,190
4294967278,189
4294967278,358
4294967279,189
4294967278,188
4294967279,570
4294967279,65
4294967294,81
4294967294,50
4294967279,569
4294967278,73
4294967278,400
4294967279,73
4294967294,471
4294967278,72
4294967278,185
4294967278,384
4294967294,7
4294967279,541
4294967294,89
4294967278,184
4294967294,37
4294967278,70
4294967278,183
4294967278,377
4294967279,352
4294967278,182
4294967279,182
4294967278,180
4294967279,178
4294967279,180
300,5
4294967278,179
300,4
300,3
300,2
300,1
4294967279,568
4294967278,178
4294967294,40
4294967279,175
4294967279,172
4294967279,360
298,6
4294967279,168
4294967279,345
298,5
4294967279,166
298,4
298,3
298,2
298,1
4294967279,164
4294967294,1
4294967279,162
297,5
297,4
297,3
297,2
297,1
4294967279,0
4294967279,46
4294967294,392
4294967294,46
4294967294,388
4294967294,2
4294967279,44
4294967279,331
4294967278,421
4294967279,151
296,5
296,4
4294967279,149
296,3
296,2
296,1
4294967279,334
4294967279,33
4294967279,559
4294967279,300
295,5
295,4
295,3
295,2
295,1
4294967279,141
4294967279,140
4294967294,0
4294967294,185
4294967294,92
4294967294,88
4294967294,86
4294967294,149
4294967294,29
4294967294,28
4294967294,1015
4294967294,27
4294967294,44
0,5
4294967279,138
4294967294,22
4294967294,17
4294967294,99
4294967294,146
4294967294,26
4294967294,1414
4294967279,23
4294967294,107
4294967294,67
4294967294,53
4294967294,51
4294967294,469
4294967294,25
4294967294,6
4294967294,94
4294967294,93
4294967294,96
4294967294,95
4294967294,42
0,7
4294967279,328
